1.  82
2.  181'1/2
3.  4'2/5
4.  41'6/33
5.  57'3/5
6.  0
7.  0
8.  26
9.  2/49
10.  30'5/11
11.  1
12.  1722
13.  48'9/23
14.  17
15.  1'7/42
16.  40
17.  202'4/5
18.  66
19.  1/7
20.  10
21.  257
22.  889
23.  39
24.  115
25.  2516
26.  5474
27.  12
28.  37
29.  1534
30.  5
31.  160
32.  21
33.  47
34.  2'1/15
35.  288
36.  25
37.  16
38.  73
39.  22
40.  1103
41.  72
42.  10363'1/2
43.  9/23
44.  1'2/9
45.  57
46.  3'5/29
47.  11'1/6
48.  100
49.  58
50.  1'17/18
51.  16'4/11
52.  28'31/35
53.  11
54.  3/4
55.  36'24/37
56.  36704
57.  420
58.  36'1/4
59.  168
60.  627
61.  48216
62.  65
63.  34'4/9
64.  35
65.  1'3/35
66.  74
67.  156
68.  44
69.  4'2/5
70.  624
71.  23
72.  3/5
73.  810
74.  275808
75.  998'6/7
76.  25
77.  2'9/10
78.  78
79.  73'14/15
80.  740
81.  41
82.  76
83.  198
84.  88
85.  82
86.  12122
87.  910
88.  990
89.  42'6/9
90.  0
91.  56
92.  15/26
93.  45
94.  2322
95.  1776
96.  18'22/25
97.  45'5/6
98.  28/43
99.  15'30/37
100.  23
